44
0 0 0 5 0
0 0.1 1 5 0
0 0.2 2 5 0
0 0.3 3 5 0
0 0.4 4 5 0
0 0.5 5 5 0
0 0.6 6 5 0
0 0.7 7 5 0
0 0.8 8 5 0
0 0.9 9 5 0
0 1 10 5 0
0.1 0 11 4 1 1
0.1 0.1 12 -1 1 1
0.1 0.2 13 -1 1 1
0.1 0.3 14 -1 1 1
0.1 0.4 15 -1 1 1
0.1 0.5 16 -1 1 1
0.1 0.6 17 -1 1 1
0.1 0.7 18 -1 1 1
0.1 0.8 19 -1 1 1
0.1 0.9 20 -1 1 1
0.1 1 21 4 1 1
0.2 0 22 4 0
0.2 0.1 23 -1 0
0.2 0.2 24 -1 0
0.2 0.3 25 -1 0
0.2 0.4 26 -1 0
0.2 0.5 27 -1 0
0.2 0.6 28 -1 0
0.2 0.7 29 -1 0
0.2 0.8 30 -1 0
0.2 0.9 31 -1 0
0.2 1 32 4 0
0.3 0 33 4 0
0.3 0.1 34 2 0
0.3 0.2 35 2 0
0.3 0.3 36 2 0
0.3 0.4 37 2 0
0.3 0.5 38 2 0
0.3 0.6 39 2 0
0.3 0.7 40 2 0
0.3 0.8 41 2 0
0.3 0.9 42 2 0
0.3 1 43 4 0
