66
0.4 0 44 4 0
0.4 0.1 45 2 0
0.4 0.2 46 2 0
0.4 0.3 47 2 0
0.4 0.4 48 2 0
0.4 0.5 49 2 0
0.4 0.6 50 2 0
0.4 0.7 51 2 0
0.4 0.8 52 2 0
0.4 0.9 53 2 0
0.4 1 54 4 0
0.4 0 44 4 0
0.4 0.1 45 -1 0
0.4 0.2 46 -1 0
0.4 0.3 47 -1 0
0.4 0.4 48 -1 0
0.4 0.5 49 -1 0
0.4 0.6 50 -1 0
0.4 0.7 51 -1 0
0.4 0.8 52 -1 0
0.4 0.9 53 -1 0
0.4 1 54 4 0
0.5 0 55 4 0
0.5 0.1 56 -1 0
0.5 0.2 57 -1 0
0.5 0.3 58 -1 0
0.5 0.4 59 -1 0
0.5 0.5 60 -1 0
0.5 0.6 61 -1 0
0.5 0.7 62 -1 0
0.5 0.8 63 -1 0
0.5 0.9 64 -1 0
0.5 1 65 4 0
0.6 0 66 4 1 1
0.6 0.1 67 -1 1 1
0.6 0.2 68 -1 1 1
0.6 0.3 69 -1 1 1
0.6 0.4 70 -1 1 1
0.6 0.5 71 -1 1 1
0.6 0.6 72 -1 1 1
0.6 0.7 73 -1 1 1
0.6 0.8 74 -1 1 1
0.6 0.9 75 -1 1 1
0.6 1 76 4 1 1
0.7 0 77 4 1 3
0.7 0.1 78 -1 1 3
0.7 0.2 79 -1 1 3
0.7 0.3 80 -1 1 3
0.7 0.4 81 -1 1 3
0.7 0.5 82 -1 1 3
0.7 0.6 83 -1 1 3
0.7 0.7 84 -1 1 3
0.7 0.8 85 -1 1 3
0.7 0.9 86 -1 1 3
0.7 1 87 4 1 3
0.8 0 88 4 0
0.8 0.1 89 -1 0
0.8 0.2 90 -1 0
0.8 0.3 91 -1 0
0.8 0.4 92 -1 0
0.8 0.5 93 -1 0
0.8 0.6 94 -1 0
0.8 0.7 95 -1 0
0.8 0.8 96 -1 0
0.8 0.9 97 -1 0
0.8 1 98 4 0
0.9 0 99 4 0
0.9 0.1 100 2 0
0.9 0.2 101 2 0
0.9 0.3 102 2 0
0.9 0.4 103 2 0
0.9 0.5 104 2 0
0.9 0.6 105 2 0
0.9 0.7 106 2 0
0.9 0.8 107 2 0
0.9 0.9 108 2 0
0.9 1 109 4 0
