44
0.7 0 77 4 0
0.7 0.1 78 2 0
0.7 0.2 79 2 0
0.7 0.3 80 2 0
0.7 0.4 81 2 0
0.7 0.5 82 2 0
0.7 0.6 83 2 0
0.7 0.7 84 2 0
0.7 0.8 85 2 0
0.7 0.9 86 2 0
0.7 1 87 4 0
0.8 0 88 4 0
0.8 0.1 89 -1 0
0.8 0.2 90 -1 0
0.8 0.3 91 -1 0
0.8 0.4 92 -1 0
0.8 0.5 93 -1 0
0.8 0.6 94 -1 0
0.8 0.7 95 -1 0
0.8 0.8 96 -1 0
0.8 0.9 97 -1 0
0.8 1 98 4 0
0.9 0 99 4 1 2
0.9 0.1 100 -1 1 2
0.9 0.2 101 -1 1 2
0.9 0.3 102 -1 1 2
0.9 0.4 103 -1 1 2
0.9 0.5 104 -1 1 2
0.9 0.6 105 -1 1 2
0.9 0.7 106 -1 1 2
0.9 0.8 107 -1 1 2
0.9 0.9 108 -1 1 2
0.9 1 109 4 1 2
1 0 110 5 0
1 0.1 111 5 0
1 0.2 112 5 0
1 0.3 113 5 0
1 0.4 114 5 0
1 0.5 115 5 0
1 0.6 116 5 0
1 0.7 117 5 0
1 0.8 118 5 0
1 0.9 119 5 0
1 1 120 5 0
