66
0.1 0 11 4 0
0.1 0.1 12 2 0
0.1 0.2 13 2 0
0.1 0.3 14 2 0
0.1 0.4 15 2 0
0.1 0.5 16 2 0
0.1 0.6 17 2 0
0.1 0.7 18 2 0
0.1 0.8 19 2 0
0.1 0.9 20 2 0
0.1 1 21 4 0
0.1 0 11 4 0
0.1 0.1 12 -1 0
0.1 0.2 13 -1 0
0.1 0.3 14 -1 0
0.1 0.4 15 -1 0
0.1 0.5 16 -1 0
0.1 0.6 17 -1 0
0.1 0.7 18 -1 0
0.1 0.8 19 -1 0
0.1 0.9 20 -1 0
0.1 1 21 4 0
0.2 0 22 4 0
0.2 0.1 23 -1 0
0.2 0.2 24 -1 0
0.2 0.3 25 -1 0
0.2 0.4 26 -1 0
0.2 0.5 27 -1 0
0.2 0.6 28 -1 0
0.2 0.7 29 -1 0
0.2 0.8 30 -1 0
0.2 0.9 31 -1 0
0.2 1 32 4 0
0.3 0 33 4 1 0
0.3 0.1 34 -1 1 0
0.3 0.2 35 -1 1 0
0.3 0.3 36 -1 1 0
0.3 0.4 37 -1 1 0
0.3 0.5 38 -1 1 0
0.3 0.6 39 -1 1 0
0.3 0.7 40 -1 1 0
0.3 0.8 41 -1 1 0
0.3 0.9 42 -1 1 0
0.3 1 43 4 1 0
0.4 0 44 4 1 2
0.4 0.1 45 -1 1 2
0.4 0.2 46 -1 1 2
0.4 0.3 47 -1 1 2
0.4 0.4 48 -1 1 2
0.4 0.5 49 -1 1 2
0.4 0.6 50 -1 1 2
0.4 0.7 51 -1 1 2
0.4 0.8 52 -1 1 2
0.4 0.9 53 -1 1 2
0.4 1 54 4 1 2
0.5 0 55 4 0
0.5 0.1 56 -1 0
0.5 0.2 57 -1 0
0.5 0.3 58 -1 0
0.5 0.4 59 -1 0
0.5 0.5 60 -1 0
0.5 0.6 61 -1 0
0.5 0.7 62 -1 0
0.5 0.8 63 -1 0
0.5 0.9 64 -1 0
0.5 1 65 4 0
0.6 0 66 4 0
0.6 0.1 67 2 0
0.6 0.2 68 2 0
0.6 0.3 69 2 0
0.6 0.4 70 2 0
0.6 0.5 71 2 0
0.6 0.6 72 2 0
0.6 0.7 73 2 0
0.6 0.8 74 2 0
0.6 0.9 75 2 0
0.6 1 76 4 0
